CACHE type 5 produced by analog 6.0/Unix. Do not modify or delete!
T	0	0	7834	4269	574	238	208553105
D	26447544	26636568
18366	100	98	98	43806
18366	146	49	0	56742
18366	260	144	96	4246944
18367	16	192	96	4247904
18367	111	48	48	2122992
18379	224	94	0	4183
18381	132	184	184	8138136
18381	221	45	45	373770
18381	274	45	45	365760
18382	19	135	90	732510
18382	48	90	45	366705
18382	109	90	45	366705
18382	150	88	44	358512
18382	186	88	44	358512
18382	225	88	44	358512
18382	232	44	44	357632
18382	268	88	44	358512
18383	6	88	44	358512
18383	72	132	44	359436
18383	110	44	44	357632
18383	147	43	43	349590
18383	176	86	43	350450
18383	224	129	86	700040
18383	263	86	86	699180
18384	0	86	43	350450
18384	117	86	43	350450
18384	144	86	86	699180
18384	176	84	42	342300
18384	205	42	42	341460
18384	246	84	42	342300
18384	280	84	42	342300
18385	26	84	42	342216
18385	62	84	42	342216
18385	112	84	42	342216
18385	116	41	41	333330
18385	184	123	82	667480
18385	233	82	41	334150
18385	279	82	41	334150
18386	95	123	82	667480
18386	128	82	41	334150
18386	168	160	80	651840
18386	194	40	40	325120
18386	230	40	40	325120
18386	279	80	40	325920
18387	113	80	40	325920
18387	138	80	40	325920
18387	172	78	39	317772
18387	276	78	0	3471
18388	129	78	39	317772
18388	162	39	39	329667
18388	238	78	39	353964
18388	280	156	156	1412736
18389	22	78	39	354003
18389	177	76	38	344850
18389	261	152	76	689852
18389	262	38	38	344090
18390	78	38	0	760
18390	114	38	38	344166
18390	164	37	37	335072
18390	195	37	37	335072
18390	219	37	0	10472554
18390	259	74	37	335812
18391	15	37	37	335109
18391	116	74	37	335849
18391	149	36	36	326016
18391	241	36	36	326016
18394	168	70	0	3115
18395	51	68	34	1656990
18395	162	34	34	316948
18395	185	102	0	9993212
18395	190	34	34	316948
18395	218	34	34	316948
18395	228	34	0	9623428
18395	235	102	0	9680038
18396	186	33	33	307692
18396	213	66	33	308352
18396	248	66	0	2937
18401	163	96	0	9110624
18401	193	32	0	9057344
18401	224	128	0	18167968
18402	158	31	31	1568941
18402	163	62	31	289695
18402	239	31	31	297011
18403	23	31	31	296949
18403	156	30	30	287370
18403	182	60	30	287970
18403	244	60	30	287970
18403	256	60	0	8540610
18404	20	60	30	288000
18404	210	58	29	278429
18404	266	58	29	278313
18405	214	56	0	2492
18406	61	28	0	560
18406	97	28	28	268212
18407	113	27	27	258633
18407	149	27	0	540
18408	150	78	0	7402382
18410	71	50	25	1361550
18411	56	24	24	236136
18412	148	23	23	226297
18412	173	46	23	226757
18412	229	46	23	226757
18416	91	44	22	1198164
18416	203	21	21	206619
18417	222	20	20	201620
18418	21	40	20	202060
18418	94	20	20	201660
18418	153	20	20	201600
18419	128	19	19	191558
18419	186	36	18	181818
18420	24	18	18	181476
18422	140	17	0	1173
18423	103	32	16	898544
18424	136	30	15	151530
18424	171	28	14	141428
18424	275	14	14	785946
18426	239	26	13	131300
18428	171	12	0	3396504
18429	175	11	0	3113462
18430	224	10	0	2830420
18431	161	9	0	2547378
18431	203	9	9	83709
18431	214	54	9	40966560
18432	117	8	8	74408
18433	81	16	8	74568
18433	121	7	0	1981294
18433	155	7	7	65107
18435	46	6	0	414
18437	154	4	4	38748
18438	160	3	0	849126
18442	0	4	0	178
18442	66	4	2	114920
18442	67	2	2	114880
18443	79	1	0	283042
18443	98	2	1	57460
18444	40	1	0	20
18444	109	1	1	9689
18444	160	1	1	9689
18444	221	1	0	20
18447	121	2	1	57460
18450	197	1	0	283042
18451	165	2	1	9708
18452	110	1	0	20
18453	93	1	1	9687
18453	125	1	0	20
18453	156	1	0	69
18453	164	1	1	9687
18453	201	1	1	9687
18454	210	2	0	284687
18455	96	2	1	57460
18456	66	2	1	9706
18457	183	1	1	9686
18458	59	1	0	20
18458	191	1	1	9927
18460	94	1	1	9926
18460	169	2	0	89
18460	287	1	0	20
18461	151	1	0	20
18466	132	1	0	283042
18467	175	1	0	283042
18467	210	2	0	89
18469	185	2	0	89
18470	224	1	0	69
18472	177	2	0	89
18473	81	1	0	20
18474	95	2	0	89
18475	126	2	0	89
18476	102	1	0	20
18477	51	1	0	69
18479	165	3	0	284707
18480	281	2	0	89
18482	95	2	0	89
18482	117	2	0	284687
18483	261	2	0	89
18485	119	2	0	89
18485	207	1	1	9927
18486	146	1	0	69
18487	229	1	0	69
18488	68	1	0	20
18488	109	2	0	284687
18488	265	1	0	283042
18490	122	1	1	9927
18492	280	1	0	69
18493	39	1	1	59427
18493	102	1	1	9926
18494	160	2	0	89
18495	21	2	1	59447
18495	37	1	0	20
18495	244	1	0	283042
18497	177	2	1	808
1	43	0	0	0	26472401	0	0	26472401	0	0	860	/wp-cron.php?doing_wp_cron=1588257681.5392339229583740234375
1	29	0	0	0	26502811	0	0	26502811	0	0	580	/wp-cron.php?doing_wp_cron=1590082271.2442209720611572265625
1	35	0	0	0	26488203	0	0	26488203	0	0	700	/wp-cron.php?doing_wp_cron=1589205835.1937499046325683593750
1	42	0	0	0	26474360	0	0	26474360	0	0	840	/wp-cron.php?doing_wp_cron=1588375226.4698960781097412109375
1	1	0	0	0	26576973	0	0	26576973	0	0	20	/wp-cron.php?doing_wp_cron=1594542810.4665160179138183593750
1	14	0	0	0	26531415	0	0	26531415	0	0	280	/wp-cron.php?doing_wp_cron=1591798514.9232110977172851562500
1	1	0	0	0	26618997	0	0	26618997	0	0	20	/wp-cron.php?doing_wp_cron=1597064246.1590139865875244140625
1	8	0	0	0	26543925	0	0	26543925	0	0	160	/wp-cron.php?doing_wp_cron=1592549118.4224250316619873046875
1	28	0	0	0	26504947	0	0	26504947	0	0	560	/wp-cron.php?doing_wp_cron=1590221261.8237669467926025390625
1	32	0	0	0	26498256	0	0	26498256	0	0	640	/wp-cron.php?doing_wp_cron=1589808962.7592151165008544921875
1	1	0	0	0	26632162	0	0	26632162	0	0	20	/wp-cron.php?doing_wp_cron=1597854128.9845030307769775390625
1	1	0	0	0	26603037	0	0	26603037	0	0	20	/wp-cron.php?doing_wp_cron=1596106626.5885250568389892578125
1	38	0	0	0	26481467	0	0	26481467	0	0	760	/wp-cron.php?doing_wp_cron=1588812459.4626860618591308593750
1	1	0	0	0	26605953	0	0	26605953	0	0	20	/wp-cron.php?doing_wp_cron=1596281585.0553319454193115234375
1	13	0	0	0	26534637	0	0	26534637	0	0	260	/wp-cron.php?doing_wp_cron=1591991854.0327639579772949218750
1	37	0	0	0	26482895	0	0	26482895	0	0	740	/wp-cron.php?doing_wp_cron=1588887334.5785679817199707031250
1	30	0	0	0	26501543	0	0	26501543	0	0	600	/wp-cron.php?doing_wp_cron=1590006228.2232758998870849609375
1	40	0	0	0	26477845	0	0	26477845	0	0	800	/wp-cron.php?doing_wp_cron=1588584344.2676529884338378906250
1	39	0	0	0	26479365	0	0	26479365	0	0	780	/wp-cron.php?doing_wp_cron=1588675553.7303779125213623046875
1	20	0	0	0	26522028	0	0	26522028	0	0	400	/wp-cron.php?doing_wp_cron=1591235310.6888389587402343750000
1	7	0	0	0	26629884	0	0	26596287	0	0	483	/robots.txt?173.252.87.29
1	0	0	0	228	0	0	26632986	0	0	26466880	0	/.well-known/assetlinks.json
1	44	0	0	0	26471882	0	0	26471882	0	0	880	/wp-cron.php?doing_wp_cron=1588226545.7131600379943847656250
1	1	0	0	0	26575684	0	0	26575684	0	0	20	/wp-cron.php?doing_wp_cron=1594465498.6465520858764648437500
1	1	0	0	0	26632986	0	0	26632986	0	0	20	/wp-cron.php?doing_wp_cron=1597903606.1820750236511230468750
1	41	0	0	0	26476318	0	0	26476318	0	0	820	/wp-cron.php?doing_wp_cron=1588492690.7769770622253417968750
1	1	0	0	0	26623064	0	0	26623064	0	0	20	/wp-cron.php?doing_wp_cron=1597308258.1160840988159179687500
1	0	0	0	3	0	0	26600566	0	0	26600566	0	/wp-admin/admin-ajax.php
1	1	0	0	0	26604630	0	0	26604630	0	0	20	/wp-cron.php?doing_wp_cron=1596202246.8287110328674316406250
1	31	0	0	0	26499698	0	0	26499698	0	0	620	/wp-cron.php?doing_wp_cron=1589895480.1983129978179931640625
1	45	0	0	0	26470179	0	0	26470179	0	0	900	/wp-cron.php?doing_wp_cron=1588124393.5647749900817871093750
1	47	0	0	0	26466880	0	0	26466880	0	0	940	/wp-cron.php?doing_wp_cron=1587926421.6930570602416992187500
1	1	0	0	0	26596287	0	0	26596287	0	0	20	/wp-cron.php?doing_wp_cron=1595701667.3163480758666992187500
1	30	0	0	0	26501860	0	0	26501860	0	0	600	/wp-cron.php?doing_wp_cron=1590025227.1028449535369873046875
1	45	0	0	0	26470320	0	0	26470320	0	0	900	/wp-cron.php?doing_wp_cron=1588132800.8766639232635498046875
1	1	0	0	0	26601525	0	0	26601525	0	0	20	/wp-cron.php?doing_wp_cron=1596015913.8177499771118164062500
1	38	0	0	0	26481467	0	0	26481467	0	0	760	/wp-cron.php?doing_wp_cron=1588812459.4620609283447265625000
1	1	1	0	0	26447544	0	0	26447544	0	0	447	/?52.2.72.168
1	44	0	0	0	26470833	0	0	26470833	0	0	880	/wp-cron.php?doing_wp_cron=1588163609.0475530624389648437500
1	42	0	0	0	26474712	0	0	26474712	0	0	840	/wp-cron.php?doing_wp_cron=1588396331.4010848999023437500000
1	34	0	0	0	26489058	0	0	26489058	0	0	680	/wp-cron.php?doing_wp_cron=1589257105.2069509029388427734375
1	1	0	0	0	26559561	0	0	26559561	0	0	20	/wp-cron.php?doing_wp_cron=1593498102.5498878955841064453125
1	29	0	0	0	26503094	0	0	26503094	0	0	580	/wp-cron.php?doing_wp_cron=1590110094.0386641025543212890625
1	40	0	0	0	26476683	0	0	26476683	0	0	800	/wp-cron.php?doing_wp_cron=1588514616.6000709533691406250000
1	25	0	0	0	26510757	0	0	26510757	0	0	500	/wp-cron.php?doing_wp_cron=1590559073.2379059791564941406250
1	42	0	0	0	26474190	0	0	26474190	0	0	840	/wp-cron.php?doing_wp_cron=1588365034.4813768863677978515625
1	1	0	0	0	26612605	0	0	26612605	0	0	20	/wp-cron.php?doing_wp_cron=1596680743.1698710918426513671875
1	44	0	0	0	26471421	0	0	26471421	0	0	880	/wp-cron.php?doing_wp_cron=1588198917.9601581096649169921875
1	39	0	0	0	26478660	0	0	26478660	0	0	780	/wp-cron.php?doing_wp_cron=1588633222.5882658958435058593750
1	2	0	0	0	26556482	0	0	26556482	0	0	40	/wp-cron.php?doing_wp_cron=1593302575.5715570449829101562500
1	0	0	0	2	0	0	26574609	0	0	26574609	0	/2020/07/07/ortodontia-conheca-suas-etapas-e-importancias/
1	0	0	0	1	0	0	26600566	0	0	26600566	0	/wp-json/wp/v2/types/post?context=edit
1	1	0	0	0	26570268	0	0	26570268	0	0	20	/wp-cron.php?doing_wp_cron=1594140481.0481519699096679687500
1	37	0	0	0	26483623	0	0	26483623	0	0	740	/wp-cron.php?doing_wp_cron=1588931012.2693669795989990234375
1	1	0	0	0	26614559	0	0	26614559	0	0	20	/wp-cron.php?doing_wp_cron=1596797946.9787709712982177734375
1	9	0	0	0	26541714	0	0	26541714	0	0	3150	/wp-cron.php?doing_wp_cron=1592416484.6016590595245361328125
1	0	0	9	0	0	26541714	0	0	26541714	0	0	/2020/06/03/controle-de-qualidade-no-laboratorio-clinico/foto-02-06/
1	41	0	0	0	26476482	0	0	26476482	0	0	820	/wp-cron.php?doing_wp_cron=1588502525.0170700550079345703125
1	23	0	0	0	26514147	0	0	26514147	0	0	460	/wp-cron.php?doing_wp_cron=1590762421.3396549224853515625000
1	23	0	0	0	26514427	0	0	26514427	0	0	460	/wp-cron.php?doing_wp_cron=1590779229.7061638832092285156250
1	27	0	0	0	26506825	0	0	26506825	0	0	540	/wp-cron.php?doing_wp_cron=1590323143.3766438961029052734375
1	40	0	0	0	26477235	0	0	26477235	0	0	800	/wp-cron.php?doing_wp_cron=1588547707.2832419872283935546875
1	1	1	0	0	26447544	0	0	26447544	0	0	447	/?173.252.127.27
1	30	0	0	0	26501232	0	0	26501232	0	0	600	/wp-cron.php?doing_wp_cron=1589987549.8405520915985107421875
1	44	0	0	0	26471882	0	0	26471882	0	0	924	/wp-admin/upgrade.php?step=upgrade_db
1	43	0	0	0	26472640	0	0	26472640	0	0	860	/wp-cron.php?doing_wp_cron=1588272058.3732678890228271484375
1	43	0	0	0	26473545	0	0	26473545	0	0	860	/wp-cron.php?doing_wp_cron=1588326315.5151560306549072265625
1	39	0	0	0	26479913	0	0	26479913	0	0	780	/wp-cron.php?doing_wp_cron=1588708412.9690539836883544921875
1	40	0	0	0	26477972	0	0	26477972	0	0	800	/wp-cron.php?doing_wp_cron=1588591923.2867109775543212890625
1	9	0	0	0	26541714	0	0	26541714	0	0	1324800	/wp-content/uploads/2020/06/Capa-02.06.jpg
1	32	0	0	0	26498560	0	0	26498560	0	0	640	/wp-cron.php?doing_wp_cron=1589827243.3179280757904052734375
1	1	1	0	0	26447544	0	0	26447544	0	0	447	/?173.252.127.10
1	48	0	0	0	26448564	0	0	26448564	0	0	960	/wp-cron.php?doing_wp_cron=1586838284.0082709789276123046875
1	1	0	0	0	26579818	0	0	26579818	0	0	20	/wp-cron.php?doing_wp_cron=1594713530.2998080253601074218750
1	44	0	0	0	26471550	0	0	26471550	0	0	880	/wp-cron.php?doing_wp_cron=1588217445.9407699108123779296875
1	42	0	0	0	26473841	0	0	26473841	0	0	840	/wp-cron.php?doing_wp_cron=1588344064.2687499523162841796875
1	1	0	0	0	26600566	0	0	26600566	0	0	20	/wp-cron.php?doing_wp_cron=1595958394.2002639770507812500000
1	38	0	0	0	26481991	0	0	26481991	0	0	760	/wp-cron.php?doing_wp_cron=1588843868.3777430057525634765625
1	34	0	0	0	26489725	0	0	26489725	0	0	313854	/wp-content/uploads/2020/04/iStock-1205913548-300x198.jpg
1	40	0	0	0	26476683	0	0	26476683	0	0	800	/wp-cron.php?doing_wp_cron=1588514616.6000928878784179687500
1	1	0	0	0	26571433	0	0	26571433	0	0	20	/wp-cron.php?doing_wp_cron=1594210417.0059049129486083984375
1	1	0	0	0	26572948	0	0	26572948	0	0	20	/wp-cron.php?doing_wp_cron=1594301297.1924118995666503906250
1	28	0	0	0	26504271	0	0	26504271	0	0	560	/wp-cron.php?doing_wp_cron=1590169903.5893990993499755859375
1	1	0	0	0	26584598	0	0	26584598	0	0	20	/wp-cron.php?doing_wp_cron=1595000290.1258389949798583984375
1	4	0	0	0	26610589	0	0	26568986	0	0	1132168	/wp-content/uploads/2020/04/iStock-1215247475-scaled.jpg?173.252.87.29
1	45	0	0	0	26470628	0	0	26470628	0	0	900	/wp-cron.php?doing_wp_cron=1588151318.0768959522247314453125
1	1	0	0	0	26583839	0	0	26583839	0	0	20	/wp-cron.php?doing_wp_cron=1594954787.6440269947052001953125
1	0	0	192	0	0	26623269	0	0	26489725	0	0	/favicon.ico
1	217	0	0	0	26632162	0	0	26466880	0	0	14973	/robots.txt
1	15	0	0	0	26531243	0	0	26531243	0	0	300	/wp-cron.php?doing_wp_cron=1591788200.7878599166870117187500
1	2	0	0	0	26556814	0	0	26556814	0	0	40	/wp-cron.php?doing_wp_cron=1593322441.1230440139770507812500
1	34	0	0	0	26489978	0	0	26489978	0	0	680	/wp-cron.php?doing_wp_cron=1589312289.3880729675292968750000
1	0	0	9	0	0	26541714	0	0	26541714	0	0	/2020/05/26/a-importancia-do-pre-natal-odontologico-na-odontopediatria/attractive-lady-tasting-salad-and-holding-big-glass-bowl-in-hands/
1	26	0	0	0	26508272	0	0	26508272	0	0	520	/wp-cron.php?doing_wp_cron=1590420734.2120349407196044921875
1	48	0	0	0	26448340	0	0	26448340	0	0	960	/wp-cron.php?doing_wp_cron=1586814047.1323471069335937500000
1	0	0	9	0	0	26541714	0	0	26541714	0	0	/2020/05/26/a-importancia-do-pre-natal-odontologico-na-odontopediatria/captura-de-tela-2020-05-26-as-10-35-36/
1	9	0	0	0	26541714	0	0	26541714	0	0	1944648	/wp-content/uploads/2020/05/iStock-1130940295-scaled.jpg
1	38	0	0	0	26481046	0	0	26481046	0	0	760	/wp-cron.php?doing_wp_cron=1588776391.0086700916290283203125
1	44	0	0	0	26471011	0	0	26471011	0	0	880	/wp-cron.php?doing_wp_cron=1588174316.0303559303283691406250
1	9	0	0	0	26541714	0	0	26541714	0	0	21042315	/wp-content/uploads/2020/05/Captura-de-Tela-2020-05-26-a%CC%80s-10.35.36.png
1	1	0	0	0	26583245	0	0	26583245	0	0	20	/wp-cron.php?doing_wp_cron=1594919154.3922619819641113281250
1	1	0	0	0	26616829	0	0	26616829	0	0	20	/wp-cron.php?doing_wp_cron=1596934172.0579509735107421875000
1	47	47	3	0	26636568	26626213	0	26447544	26581850	0	117768	/?173.252.87.29
1	39	0	0	0	26480273	0	0	26480273	0	0	780	/wp-cron.php?doing_wp_cron=1588730028.8160750865936279296875
1	49	0	0	0	26447773	0	0	26447773	0	0	56742	/wp-admin/setup-config.php
1	18	0	0	0	26524290	0	0	26524290	0	0	360	/wp-cron.php?doing_wp_cron=1591371017.8460481166839599609375
1	41	0	0	0	26475566	0	0	26475566	0	0	820	/wp-cron.php?doing_wp_cron=1588447591.1545960903167724609375
1	41	0	0	0	26475796	0	0	26475796	0	0	820	/wp-cron.php?doing_wp_cron=1588461391.2798540592193603515625
1	16	0	0	0	26529636	0	0	26529636	0	0	320	/wp-cron.php?doing_wp_cron=1591691788.2638330459594726562500
1	0	0	1	0	0	26632908	0	0	26632908	0	0	/?oceanwp_library=header
1	0	0	9	0	0	26541714	0	0	26541714	0	0	/2020/06/03/controle-de-qualidade-no-laboratorio-clinico/capa-02-06/
1	33	0	0	0	26491308	0	0	26491308	0	0	660	/wp-cron.php?doing_wp_cron=1589392091.9655869007110595703125
1	1	1	0	0	26447544	0	0	26447544	0	0	447	/?173.252.107.11
1	41	0	0	0	26475323	0	0	26475323	0	0	820	/wp-cron.php?doing_wp_cron=1588433020.1980259418487548828125
1	33	0	0	0	26491484	0	0	26491484	0	0	660	/wp-cron.php?doing_wp_cron=1589402694.0935170650482177734375
1	0	0	0	3	0	0	26608538	0	0	26594828	0	/.well-known/assetlinks.json?173.252.87.29
1	1	0	0	0	26632908	0	0	26632908	0	0	20	/wp-cron.php?doing_wp_cron=1597898912.3234848976135253906250
1	42	0	0	0	26474531	0	0	26474531	0	0	840	/wp-cron.php?doing_wp_cron=1588385469.0560410022735595703125
1	1	0	0	0	26558411	0	0	26558411	0	0	20	/wp-cron.php?doing_wp_cron=1593418262.1009709835052490234375
1	22	0	0	0	26519495	0	0	26519495	0	0	440	/wp-cron.php?doing_wp_cron=1591083321.8208420276641845703125
1	381	0	0	0	26634024	0	0	26482696	0	0	107839002	/wp-content/uploads/2020/04/iStock-1215247475-scaled.jpg
1	44	0	0	0	26471205	0	0	26471205	0	0	880	/wp-cron.php?doing_wp_cron=1588185900.9396889209747314453125
1	1	0	0	0	26610589	0	0	26610589	0	0	20	/wp-cron.php?doing_wp_cron=1596559759.4890160560607910156250
1	1	0	0	0	26636568	0	0	26636568	0	0	20	/wp-cron.php?doing_wp_cron=1598118533.4774489402770996093750
1	1	0	0	0	26560467	0	0	26560467	0	0	20	/wp-cron.php?doing_wp_cron=1593552461.6467759609222412109375
1	4215	4215	341	0	26632908	26632345	0	26447544	26447773	0	57823531	/
1	3	3	0	0	26447544	0	0	26447544	0	0	1341	/?181.215.74.63
1	42	0	0	0	26474960	0	0	26474960	0	0	840	/wp-cron.php?doing_wp_cron=1588411255.9789490699768066406250
1	0	0	1	0	0	26632908	0	0	26632908	0	0	/.git/HEAD
1	48	0	0	0	26448564	0	0	26448564	0	0	960	/wp-cron.php?doing_wp_cron=1586838284.0082828998565673828125
1	192	0	0	0	26623269	0	0	26489725	0	0	315840	/wp-content/uploads/2020/04/cropped-logo-uniprev-c11-2-32x32.png
1	39	0	0	0	26478141	0	0	26478141	0	0	780	/wp-cron.php?doing_wp_cron=1588602113.2124829292297363281250
1	1	0	0	0	26564288	0	0	26564288	0	0	20	/wp-cron.php?doing_wp_cron=1593781724.0916891098022460937500
1	0	0	0	1	0	0	26574609	0	0	26574609	0	/2020/07/07/ortodontia-conheca-suas-etapas-e-importancias/?173.252.87.29
1	9	0	0	0	26541714	0	0	26541714	0	0	16567938	/wp-content/uploads/2020/06/foto-02.06.jpg
1	1	0	0	0	26593530	0	0	26593530	0	0	20	/wp-cron.php?doing_wp_cron=1595536255.6103670597076416015625
1	43	0	0	0	26472961	0	0	26472961	0	0	860	/wp-cron.php?doing_wp_cron=1588291301.0296521186828613281250
3	44	0	0	0	26470833	0	0	26470833	0	0	880	https://blog.uniprev.com.br/wp-cron.php?doing_wp_cron=1588163609.0475530624389648437500
3	38	0	0	0	26481467	0	0	26481467	0	0	760	https://blog.uniprev.com.br/wp-cron.php?doing_wp_cron=1588812459.4620609283447265625000
3	42	0	0	0	26474712	0	0	26474712	0	0	840	https://blog.uniprev.com.br/wp-cron.php?doing_wp_cron=1588396331.4010848999023437500000
3	44	0	0	0	26471205	0	0	26471205	0	0	880	https://blog.uniprev.com.br/wp-cron.php?doing_wp_cron=1588185900.9396889209747314453125
3	34	0	0	0	26489058	0	0	26489058	0	0	680	https://blog.uniprev.com.br/wp-cron.php?doing_wp_cron=1589257105.2069509029388427734375
3	1	0	0	0	26559561	0	0	26559561	0	0	20	https://blog.uniprev.com.br/wp-cron.php?doing_wp_cron=1593498102.5498878955841064453125
3	29	0	0	0	26503094	0	0	26503094	0	0	580	https://blog.uniprev.com.br/wp-cron.php?doing_wp_cron=1590110094.0386641025543212890625
3	40	0	0	0	26476683	0	0	26476683	0	0	800	https://blog.uniprev.com.br/wp-cron.php?doing_wp_cron=1588514616.6000709533691406250000
3	1	0	0	0	26610589	0	0	26610589	0	0	20	https://blog.uniprev.com.br/wp-cron.php?doing_wp_cron=1596559759.4890160560607910156250
3	0	0	0	3	0	0	26600566	0	0	26600566	0	https://blog.uniprev.com.br/wp-admin/admin-ajax.php
3	25	0	0	0	26510757	0	0	26510757	0	0	500	https://blog.uniprev.com.br/wp-cron.php?doing_wp_cron=1590559073.2379059791564941406250
3	42	0	0	0	26474190	0	0	26474190	0	0	840	https://blog.uniprev.com.br/wp-cron.php?doing_wp_cron=1588365034.4813768863677978515625
3	1	0	0	0	26636568	0	0	26636568	0	0	20	https://blog.uniprev.com.br/wp-cron.php?doing_wp_cron=1598118533.4774489402770996093750
3	1	0	0	0	26612605	0	0	26612605	0	0	20	https://blog.uniprev.com.br/wp-cron.php?doing_wp_cron=1596680743.1698710918426513671875
3	1	0	0	0	26560467	0	0	26560467	0	0	20	https://blog.uniprev.com.br/wp-cron.php?doing_wp_cron=1593552461.6467759609222412109375
3	44	0	0	0	26471421	0	0	26471421	0	0	880	https://blog.uniprev.com.br/wp-cron.php?doing_wp_cron=1588198917.9601581096649169921875
3	42	0	0	0	26474960	0	0	26474960	0	0	840	https://blog.uniprev.com.br/wp-cron.php?doing_wp_cron=1588411255.9789490699768066406250
3	39	0	0	0	26478660	0	0	26478660	0	0	780	https://blog.uniprev.com.br/wp-cron.php?doing_wp_cron=1588633222.5882658958435058593750
3	2	0	0	0	26556482	0	0	26556482	0	0	40	https://blog.uniprev.com.br/wp-cron.php?doing_wp_cron=1593302575.5715570449829101562500
3	48	0	0	0	26448564	0	0	26448564	0	0	960	https://blog.uniprev.com.br/wp-cron.php?doing_wp_cron=1586838284.0082828998565673828125
3	37	0	0	0	26483623	0	0	26483623	0	0	740	https://blog.uniprev.com.br/wp-cron.php?doing_wp_cron=1588931012.2693669795989990234375
3	1	0	0	0	26570268	0	0	26570268	0	0	20	https://blog.uniprev.com.br/wp-cron.php?doing_wp_cron=1594140481.0481519699096679687500
3	1	0	0	0	26614559	0	0	26614559	0	0	20	https://blog.uniprev.com.br/wp-cron.php?doing_wp_cron=1596797946.9787709712982177734375
3	9	0	0	0	26541714	0	0	26541714	0	0	3150	https://blog.uniprev.com.br/wp-cron.php?doing_wp_cron=1592416484.6016590595245361328125
3	39	0	0	0	26478141	0	0	26478141	0	0	780	https://blog.uniprev.com.br/wp-cron.php?doing_wp_cron=1588602113.2124829292297363281250
3	41	0	0	0	26476482	0	0	26476482	0	0	820	https://blog.uniprev.com.br/wp-cron.php?doing_wp_cron=1588502525.0170700550079345703125
3	1	0	0	0	26564288	0	0	26564288	0	0	20	https://blog.uniprev.com.br/wp-cron.php?doing_wp_cron=1593781724.0916891098022460937500
3	191	0	191	0	26614665	26614665	0	26489725	26489725	0	314195	https://blog.uniprev.com.br/wp-content/uploads/2020/04/iStock-1215247475-scaled.jpg
3	23	0	0	0	26514147	0	0	26514147	0	0	460	https://blog.uniprev.com.br/wp-cron.php?doing_wp_cron=1590762421.3396549224853515625000
3	23	0	0	0	26514427	0	0	26514427	0	0	460	https://blog.uniprev.com.br/wp-cron.php?doing_wp_cron=1590779229.7061638832092285156250
3	27	0	0	0	26506825	0	0	26506825	0	0	540	https://blog.uniprev.com.br/wp-cron.php?doing_wp_cron=1590323143.3766438961029052734375
3	40	0	0	0	26477235	0	0	26477235	0	0	800	https://blog.uniprev.com.br/wp-cron.php?doing_wp_cron=1588547707.2832419872283935546875
3	30	0	0	0	26501232	0	0	26501232	0	0	600	https://blog.uniprev.com.br/wp-cron.php?doing_wp_cron=1589987549.8405520915985107421875
3	43	0	0	0	26472640	0	0	26472640	0	0	860	https://blog.uniprev.com.br/wp-cron.php?doing_wp_cron=1588272058.3732678890228271484375
3	43	0	0	0	26473545	0	0	26473545	0	0	860	https://blog.uniprev.com.br/wp-cron.php?doing_wp_cron=1588326315.5151560306549072265625
3	1	0	0	0	26614665	0	0	26614665	0	0	283042	https://www.google.com.br/blank.html
3	36	0	0	0	26634024	0	0	26489943	0	0	10189512	https://www.google.com.br/
3	0	0	9	0	0	26541714	0	0	26541714	0	0	https://blog.uniprev.com.br/2020/06/03/controle-de-qualidade-no-laboratorio-clinico/capa-02-06/
3	39	0	0	0	26479913	0	0	26479913	0	0	780	https://blog.uniprev.com.br/wp-cron.php?doing_wp_cron=1588708412.9690539836883544921875
3	40	0	0	0	26477972	0	0	26477972	0	0	800	https://blog.uniprev.com.br/wp-cron.php?doing_wp_cron=1588591923.2867109775543212890625
3	351	0	8	0	26624049	26584655	0	26482696	26545512	0	90038168	https://www.google.com/
3	32	0	0	0	26498560	0	0	26498560	0	0	640	https://blog.uniprev.com.br/wp-cron.php?doing_wp_cron=1589827243.3179280757904052734375
3	48	0	0	0	26448564	0	0	26448564	0	0	960	https://blog.uniprev.com.br/wp-cron.php?doing_wp_cron=1586838284.0082709789276123046875
3	1	0	0	0	26593530	0	0	26593530	0	0	20	https://blog.uniprev.com.br/wp-cron.php?doing_wp_cron=1595536255.6103670597076416015625
3	1	0	0	0	26579818	0	0	26579818	0	0	20	https://blog.uniprev.com.br/wp-cron.php?doing_wp_cron=1594713530.2998080253601074218750
3	44	0	0	0	26471550	0	0	26471550	0	0	880	https://blog.uniprev.com.br/wp-cron.php?doing_wp_cron=1588217445.9407699108123779296875
3	43	0	0	0	26472961	0	0	26472961	0	0	860	https://blog.uniprev.com.br/wp-cron.php?doing_wp_cron=1588291301.0296521186828613281250
3	1	0	0	0	26600566	0	0	26600566	0	0	20	https://blog.uniprev.com.br/wp-cron.php?doing_wp_cron=1595958394.2002639770507812500000
3	42	0	0	0	26473841	0	0	26473841	0	0	840	https://blog.uniprev.com.br/wp-cron.php?doing_wp_cron=1588344064.2687499523162841796875
3	44	0	0	0	26471882	0	0	26471882	0	0	924	https://blog.uniprev.com.br/wp-admin/upgrade.php?step=upgrade_db
3	9	0	0	0	26541714	0	0	26541714	0	0	1324800	https://blog.uniprev.com.br/wp-content/uploads/2020/06/Capa-02.06.jpg
3	38	0	0	0	26481991	0	0	26481991	0	0	760	https://blog.uniprev.com.br/wp-cron.php?doing_wp_cron=1588843868.3777430057525634765625
3	0	0	0	1	0	0	26600566	0	0	26600566	0	https://blog.uniprev.com.br/wp-json/wp/v2/types/post?context=edit
3	43	0	0	0	26472401	0	0	26472401	0	0	860	https://blog.uniprev.com.br/wp-cron.php?doing_wp_cron=1588257681.5392339229583740234375
3	40	0	0	0	26476683	0	0	26476683	0	0	800	https://blog.uniprev.com.br/wp-cron.php?doing_wp_cron=1588514616.6000928878784179687500
3	29	0	0	0	26502811	0	0	26502811	0	0	580	https://blog.uniprev.com.br/wp-cron.php?doing_wp_cron=1590082271.2442209720611572265625
3	1	0	0	0	26572948	0	0	26572948	0	0	20	https://blog.uniprev.com.br/wp-cron.php?doing_wp_cron=1594301297.1924118995666503906250
3	1	0	0	0	26571433	0	0	26571433	0	0	20	https://blog.uniprev.com.br/wp-cron.php?doing_wp_cron=1594210417.0059049129486083984375
3	35	0	0	0	26488203	0	0	26488203	0	0	700	https://blog.uniprev.com.br/wp-cron.php?doing_wp_cron=1589205835.1937499046325683593750
3	1	0	0	0	26576973	0	0	26576973	0	0	20	https://blog.uniprev.com.br/wp-cron.php?doing_wp_cron=1594542810.4665160179138183593750
3	9	0	0	0	26541714	0	0	26541714	0	0	16567938	https://blog.uniprev.com.br/wp-content/uploads/2020/06/foto-02.06.jpg
3	42	0	0	0	26474360	0	0	26474360	0	0	840	https://blog.uniprev.com.br/wp-cron.php?doing_wp_cron=1588375226.4698960781097412109375
3	28	0	0	0	26504271	0	0	26504271	0	0	560	https://blog.uniprev.com.br/wp-cron.php?doing_wp_cron=1590169903.5893990993499755859375
3	1	0	0	0	26584598	0	0	26584598	0	0	20	https://blog.uniprev.com.br/wp-cron.php?doing_wp_cron=1595000290.1258389949798583984375
3	14	0	0	0	26531415	0	0	26531415	0	0	280	https://blog.uniprev.com.br/wp-cron.php?doing_wp_cron=1591798514.9232110977172851562500
3	1	0	0	0	26618997	0	0	26618997	0	0	20	https://blog.uniprev.com.br/wp-cron.php?doing_wp_cron=1597064246.1590139865875244140625
3	0	0	9	0	0	26541714	0	0	26541714	0	0	https://blog.uniprev.com.br/2020/05/26/a-importancia-do-pre-natal-odontologico-na-odontopediatria/captura-de-tela-2020-05-26-as-10-35-36/
3	8	0	0	0	26543925	0	0	26543925	0	0	160	https://blog.uniprev.com.br/wp-cron.php?doing_wp_cron=1592549118.4224250316619873046875
3	28	0	0	0	26504947	0	0	26504947	0	0	560	https://blog.uniprev.com.br/wp-cron.php?doing_wp_cron=1590221261.8237669467926025390625
3	1	0	0	0	26591700	0	0	26591700	0	0	283042	https://www.google.com/blank.html
3	32	0	0	0	26498256	0	0	26498256	0	0	640	https://blog.uniprev.com.br/wp-cron.php?doing_wp_cron=1589808962.7592151165008544921875
3	45	0	0	0	26470628	0	0	26470628	0	0	900	https://blog.uniprev.com.br/wp-cron.php?doing_wp_cron=1588151318.0768959522247314453125
3	0	0	9	0	0	26541714	0	0	26541714	0	0	https://blog.uniprev.com.br/2020/05/26/a-importancia-do-pre-natal-odontologico-na-odontopediatria/attractive-lady-tasting-salad-and-holding-big-glass-bowl-in-hands/
3	1	0	0	0	26583839	0	0	26583839	0	0	20	https://blog.uniprev.com.br/wp-cron.php?doing_wp_cron=1594954787.6440269947052001953125
3	1	0	0	0	26632162	0	0	26632162	0	0	20	https://blog.uniprev.com.br/wp-cron.php?doing_wp_cron=1597854128.9845030307769775390625
3	38	0	0	0	26481467	0	0	26481467	0	0	760	https://blog.uniprev.com.br/wp-cron.php?doing_wp_cron=1588812459.4626860618591308593750
3	1	0	0	0	26603037	0	0	26603037	0	0	20	https://blog.uniprev.com.br/wp-cron.php?doing_wp_cron=1596106626.5885250568389892578125
3	15	0	0	0	26531243	0	0	26531243	0	0	300	https://blog.uniprev.com.br/wp-cron.php?doing_wp_cron=1591788200.7878599166870117187500
3	34	0	0	0	26489978	0	0	26489978	0	0	680	https://blog.uniprev.com.br/wp-cron.php?doing_wp_cron=1589312289.3880729675292968750000
3	2	0	0	0	26556814	0	0	26556814	0	0	40	https://blog.uniprev.com.br/wp-cron.php?doing_wp_cron=1593322441.1230440139770507812500
3	1	0	0	0	26605953	0	0	26605953	0	0	20	https://blog.uniprev.com.br/wp-cron.php?doing_wp_cron=1596281585.0553319454193115234375
3	13	0	0	0	26534637	0	0	26534637	0	0	260	https://blog.uniprev.com.br/wp-cron.php?doing_wp_cron=1591991854.0327639579772949218750
3	26	0	0	0	26508272	0	0	26508272	0	0	520	https://blog.uniprev.com.br/wp-cron.php?doing_wp_cron=1590420734.2120349407196044921875
3	48	0	0	0	26448340	0	0	26448340	0	0	960	https://blog.uniprev.com.br/wp-cron.php?doing_wp_cron=1586814047.1323471069335937500000
3	0	0	9	0	0	26541714	0	0	26541714	0	0	https://blog.uniprev.com.br/2020/06/03/controle-de-qualidade-no-laboratorio-clinico/foto-02-06/
3	30	0	0	0	26501543	0	0	26501543	0	0	600	https://blog.uniprev.com.br/wp-cron.php?doing_wp_cron=1590006228.2232758998870849609375
3	37	0	0	0	26482895	0	0	26482895	0	0	740	https://blog.uniprev.com.br/wp-cron.php?doing_wp_cron=1588887334.5785679817199707031250
3	44	0	0	0	26471011	0	0	26471011	0	0	880	https://blog.uniprev.com.br/wp-cron.php?doing_wp_cron=1588174316.0303559303283691406250
3	38	0	0	0	26481046	0	0	26481046	0	0	760	https://blog.uniprev.com.br/wp-cron.php?doing_wp_cron=1588776391.0086700916290283203125
3	40	0	0	0	26477845	0	0	26477845	0	0	800	https://blog.uniprev.com.br/wp-cron.php?doing_wp_cron=1588584344.2676529884338378906250
3	20	0	0	0	26522028	0	0	26522028	0	0	400	https://blog.uniprev.com.br/wp-cron.php?doing_wp_cron=1591235310.6888389587402343750000
3	39	0	0	0	26479365	0	0	26479365	0	0	780	https://blog.uniprev.com.br/wp-cron.php?doing_wp_cron=1588675553.7303779125213623046875
3	44	0	0	0	26471882	0	0	26471882	0	0	880	https://blog.uniprev.com.br/wp-cron.php?doing_wp_cron=1588226545.7131600379943847656250
3	9	0	0	0	26541714	0	0	26541714	0	0	21042315	https://blog.uniprev.com.br/wp-content/uploads/2020/05/Captura-de-Tela-2020-05-26-a%CC%80s-10.35.36.png
3	1	0	0	0	26575684	0	0	26575684	0	0	20	https://blog.uniprev.com.br/wp-cron.php?doing_wp_cron=1594465498.6465520858764648437500
3	1	0	0	0	26583245	0	0	26583245	0	0	20	https://blog.uniprev.com.br/wp-cron.php?doing_wp_cron=1594919154.3922619819641113281250
3	1	0	0	0	26616829	0	0	26616829	0	0	20	https://blog.uniprev.com.br/wp-cron.php?doing_wp_cron=1596934172.0579509735107421875000
3	41	0	0	0	26476318	0	0	26476318	0	0	820	https://blog.uniprev.com.br/wp-cron.php?doing_wp_cron=1588492690.7769770622253417968750
3	1	0	0	0	26632986	0	0	26632986	0	0	20	https://blog.uniprev.com.br/wp-cron.php?doing_wp_cron=1597903606.1820750236511230468750
3	39	0	0	0	26480273	0	0	26480273	0	0	780	https://blog.uniprev.com.br/wp-cron.php?doing_wp_cron=1588730028.8160750865936279296875
3	18	0	0	0	26524290	0	0	26524290	0	0	360	https://blog.uniprev.com.br/wp-cron.php?doing_wp_cron=1591371017.8460481166839599609375
3	41	0	0	0	26475796	0	0	26475796	0	0	820	https://blog.uniprev.com.br/wp-cron.php?doing_wp_cron=1588461391.2798540592193603515625
3	41	0	0	0	26475566	0	0	26475566	0	0	820	https://blog.uniprev.com.br/wp-cron.php?doing_wp_cron=1588447591.1545960903167724609375
3	1	0	0	0	26623064	0	0	26623064	0	0	20	https://blog.uniprev.com.br/wp-cron.php?doing_wp_cron=1597308258.1160840988159179687500
3	16	0	0	0	26529636	0	0	26529636	0	0	320	https://blog.uniprev.com.br/wp-cron.php?doing_wp_cron=1591691788.2638330459594726562500
3	1	0	0	0	26604630	0	0	26604630	0	0	20	https://blog.uniprev.com.br/wp-cron.php?doing_wp_cron=1596202246.8287110328674316406250
3	1	0	0	0	26596287	0	0	26596287	0	0	20	https://blog.uniprev.com.br/wp-cron.php?doing_wp_cron=1595701667.3163480758666992187500
3	47	0	0	0	26466880	0	0	26466880	0	0	940	https://blog.uniprev.com.br/wp-cron.php?doing_wp_cron=1587926421.6930570602416992187500
3	31	0	0	0	26499698	0	0	26499698	0	0	620	https://blog.uniprev.com.br/wp-cron.php?doing_wp_cron=1589895480.1983129978179931640625
3	45	0	0	0	26470179	0	0	26470179	0	0	900	https://blog.uniprev.com.br/wp-cron.php?doing_wp_cron=1588124393.5647749900817871093750
3	33	0	0	0	26491308	0	0	26491308	0	0	660	https://blog.uniprev.com.br/wp-cron.php?doing_wp_cron=1589392091.9655869007110595703125
3	30	0	0	0	26501860	0	0	26501860	0	0	600	https://blog.uniprev.com.br/wp-cron.php?doing_wp_cron=1590025227.1028449535369873046875
3	45	0	0	0	26470320	0	0	26470320	0	0	900	https://blog.uniprev.com.br/wp-cron.php?doing_wp_cron=1588132800.8766639232635498046875
3	41	0	0	0	26475323	0	0	26475323	0	0	820	https://blog.uniprev.com.br/wp-cron.php?doing_wp_cron=1588433020.1980259418487548828125
3	33	0	0	0	26491484	0	0	26491484	0	0	660	https://blog.uniprev.com.br/wp-cron.php?doing_wp_cron=1589402694.0935170650482177734375
3	9	0	0	0	26541714	0	0	26541714	0	0	1944648	https://blog.uniprev.com.br/wp-content/uploads/2020/05/iStock-1130940295-scaled.jpg
3	1	0	0	0	26632908	0	0	26632908	0	0	20	https://blog.uniprev.com.br/wp-cron.php?doing_wp_cron=1597898912.3234848976135253906250
3	42	0	0	0	26474531	0	0	26474531	0	0	840	https://blog.uniprev.com.br/wp-cron.php?doing_wp_cron=1588385469.0560410022735595703125
3	1	0	0	0	26558411	0	0	26558411	0	0	20	https://blog.uniprev.com.br/wp-cron.php?doing_wp_cron=1593418262.1009709835052490234375
3	1	0	0	0	26601525	0	0	26601525	0	0	20	https://blog.uniprev.com.br/wp-cron.php?doing_wp_cron=1596015913.8177499771118164062500
3	22	0	0	0	26519495	0	0	26519495	0	0	440	https://blog.uniprev.com.br/wp-cron.php?doing_wp_cron=1591083321.8208420276641845703125
4	2	0	1	0	26623269	26623269	0	26623269	26623269	0	284687	Mozilla/5.0 (Windows NT 10.0; Win64; x64; rv:79.0) Gecko/20100101 Firefox/79.0
4	1	0	0	0	26634024	0	0	26634024	0	0	283042	Mozilla/5.0 (Windows NT 10.0; Win64; x64) AppleWebKit/537.36 (KHTML, like Gecko) Chrome/84.0.4147.135 Safari/537.36
4	18	18	15	0	26524290	26530869	0	26524290	26530869	0	181458	Mozilla/5.0 (Windows NT 6.1; WOW64) AppleWebKit/537.36 (KHTML, like Gecko) Chrome/47.0.2526.111 Safari/537.36
4	0	0	2	0	0	26556817	0	0	26556817	0	0	Mozilla/5.0 (iPhone; CPU iPhone OS 10_3_1 like Mac OS X) AppleWebKit/603.1.30 (KHTML, like Gecko) Version/10.0 Mobile/14E304 Safari/602.1
4	49	0	49	0	26447773	26447773	0	26447773	26447773	0	56742	Mozilla/5.0 (Windows NT 6.3; Trident/7.0; rv:11.0) like Gecko
4	14	14	14	0	26531936	26531936	0	26531936	26531936	0	785946	Mozilla/5.0 (Macintosh; Intel Mac OS X 10.11; rv:47.0) Gecko/20100101 Firefox/47.0
4	1	1	2	0	26632908	26632908	0	26632908	26632908	0	59427	curl/7.47.0
4	1	1	0	0	26576973	0	0	26576973	0	0	9686	Mozilla/5.0 (Windows NT 6.1; rv:51.0) Gecko/20100101 Firefox/51.0
4	0	0	0	3	0	0	26574609	0	0	26574609	0	Mozilla/5.0 (Windows NT 6.1; WOW64) AppleWebKit/537.36 (KHTML, like Gecko) Chrome/51.0.2704.103 Safari/537.36
4	2	0	1	0	26614665	26614665	0	26614665	26614665	0	284687	Mozilla/5.0 (Windows NT 10.0; Win64; x64) AppleWebKit/537.36 (KHTML, like Gecko) Chrome/84.0.4147.105 Safari/537.36 Edg/84.0.522.52
4	1	1	0	0	26575684	0	0	26575684	0	0	57440	Mozilla/5.0 (Linux; U; Android 4.4.2; en-us; SCH-I535 Build/KOT49H) AppleWebKit/534.30 (KHTML, like Gecko) Version/4.0 Mobile Safari/534.30
4	1	0	0	0	26624049	0	0	26624049	0	0	283042	Mozilla/5.0 (Macintosh; Intel Mac OS X 10_15_6) AppleWebKit/537.36 (KHTML, like Gecko) Chrome/84.0.4147.125 Safari/537.36
4	130	130	14	0	26636568	26632345	0	26489058	26544269	0	6742464	Mozilla/5.0 (compatible; Nimbostratus-Bot/v1.3.2; http://cloudsystemnetworks.com)
4	224	0	0	231	26632162	0	26632986	26466880	0	26466880	15456	Mozilla/5.0 (compatible; Googlebot/2.1; +http://www.google.com/bot.html)
4	50	50	49	0	26564288	26558356	0	26449038	26449053	0	2237872	Mozilla/5.0 (X11; Ubuntu; Linux x86_64; rv:58.0) Gecko/20100101 Firefox/58.0
4	142	142	48	0	26469301	26448564	0	26448564	26448564	0	6280518	Mozilla/5.0 (Windows NT 6.1; Win64; x64) AppleWebKit/537.36 (KHTML, like Gecko) Chrome/64.0.3282.186 Safari/537.36
4	3522	3522	0	0	26582873	0	0	26469748	0	0	30429558	facebookexternalhit/1.1 (+http://www.facebook.com/externalhit_uatext.php)
4	1947	0	0	0	26531415	0	0	26472401	0	0	38940	WordPress/5.4.1; https://blog.uniprev.com.br
4	513	0	188	0	26508272	26508272	0	26482696	26489725	0	82988336	Mozilla/5.0 (Windows NT 10.0; Win64; x64) AppleWebKit/537.36 (KHTML, like Gecko) Chrome/81.0.4044.138 Safari/537.36
4	29	29	0	0	26531415	0	0	26531243	0	0	292378	Mozilla/5.0 (X11; Linux x86_64) AppleWebKit/537.36 (KHTML, like Gecko) Chrome/78.0.3904.108 Safari/537.36
4	36	0	36	0	26541714	26541714	0	26541714	26541714	0	40879701	WP Fastest Cache Preload Bot
4	0	0	8	0	0	26584655	0	0	26545512	0	0	Mozilla/5.0 (X11; Ubuntu; Linux x86_64; rv:72.0) Gecko/20100101 Firefox/72.0
4	1	0	0	0	26593357	0	0	26593357	0	0	283042	Mozilla/5.0 (Windows NT 10.0; Win64; x64) AppleWebKit/537.36 (KHTML, like Gecko) Chrome/84.0.4147.89 Safari/537.36
4	49	49	2	0	26447544	26556814	0	26447544	26556814	0	21903	Mozilla/5.0 (Macintosh; Intel Mac OS X 10_12_6) AppleWebKit/537.36 (KHTML, like Gecko) Chrome/64.0.3282.186 Safari/537.36
4	1	0	0	0	26591700	0	0	26591700	0	0	283042	Mozilla/5.0 (Windows NT 10.0; Win64; x64) AppleWebKit/537.36 (KHTML, like Gecko) Chrome/83.0.4103.116 Safari/537.36 OPR/69.0.3686.77
4	3	3	2	0	26630433	26626213	0	26619435	26619435	0	29780	Mozilla/5.0 (X11; Linux x86_64) AppleWebKit/537.36 (KHTML, like Gecko) Chrome/79.0.3945.79 Safari/537.36
4	9	0	0	0	26541446	0	0	26541446	0	0	2547378	Mozilla/5.0 (Windows NT 10.0; Win64; x64) AppleWebKit/537.36 (KHTML, like Gecko) Chrome/83.0.4103.106 Safari/537.36
4	2	0	1	0	26610589	26610589	0	26610589	26610589	0	284687	Mozilla/5.0 (Windows NT 10.0; Win64; x64) AppleWebKit/537.36 (KHTML, like Gecko) Chrome/84.0.4147.105 Safari/537.36
4	64	0	0	4	26636568	0	26600566	26534637	0	26600566	4250	WordPress/5.4.2; https://blog.uniprev.com.br
4	634	0	0	0	26471882	0	0	26448340	0	0	12724	WordPress/5.4; https://blog.uniprev.com.br
4	40	0	0	0	26544128	0	0	26537177	0	0	11321680	Mozilla/5.0 (Windows NT 10.0; Win64; x64) AppleWebKit/537.36 (KHTML, like Gecko) Chrome/83.0.4103.97 Safari/537.36
4	32	0	0	0	26498405	0	0	26498405	0	0	9057344	Mozilla/5.0 (Windows NT 10.0; WOW64) AppleWebKit/537.36 (KHTML, like Gecko) Chrome/81.0.4044.138 Safari/537.36
4	7	0	1	0	26574814	26574814	0	26551522	26574814	0	1699897	Mozilla/5.0 (Windows NT 10.0; Win64; x64) AppleWebKit/537.36 (KHTML, like Gecko) Chrome/83.0.4103.116 Safari/537.36
4	46	46	46	0	26469301	26469301	0	26469301	26469301	0	2034534	Mozilla/5.0 (Macintosh; Intel Mac OS X 10_12_6) AppleWebKit/604.5.6 (KHTML, like Gecko) Version/11.0.3 Safari/604.5.6
4	13	13	0	0	26534637	0	0	26534637	0	0	131040	Mozilla/5.0 (X11; Linux x86_64) AppleWebKit/537.36 (KHTML, like Gecko) Chrome/74.0.3729.169 Safari/537.36
4	96	96	94	0	26556817	26469301	0	26448340	26448340	0	4272406	Mozilla/5.0 (Linux; Android 7.0; SM-G930V Build/NRD90M) AppleWebKit/537.36 (KHTML, like Gecko) Chrome/59.0.3071.125 Mobile Safari/537.36
4	9	9	1	0	26541714	26581850	0	26541714	26581850	0	83709	Mozilla/5.0 zgrab/0.x
4	46	46	0	0	26469301	0	0	26469301	0	0	2034534	Mozilla/5.0 (Windows NT 10.0; Win64; x64; rv:58.0) Gecko/20100101 Firefox/58.0
4	99	99	0	0	26556814	0	0	26447544	0	0	2259775	Mozilla/5.0 (Macintosh; Intel Mac OS X 10.13; rv:58.0) Gecko/20100101 Firefox/58.0
5	39	39	0	0	26480120	0	0	26480120	0	0	353184	173.252.95.111
5	8	8	0	0	26542665	0	0	26542665	0	0	74408	173.252.87.28
5	7	0	0	0	26544128	0	0	26544128	0	0	1981294	177.154.15.174
5	29	29	0	0	26503094	0	0	26503094	0	0	277733	173.252.87.24
5	44	44	0	0	26471882	0	0	26471882	0	0	357632	173.252.95.42
5	29	29	0	0	26541657	0	0	26522393	0	0	285369	173.252.87.22
5	40	40	0	0	26477235	0	0	26477235	0	0	325120	31.13.103.13
5	24	24	0	0	26512124	0	0	26512124	0	0	236136	69.171.251.42
5	1	1	0	0	26578996	0	0	26578996	0	0	9686	173.252.95.29
5	37	37	0	0	26482423	0	0	26482423	0	0	335072	173.252.95.30
5	43	43	0	0	26473545	0	0	26473545	0	0	349590	173.252.95.27
5	1	1	0	0	26576973	0	0	26576973	0	0	9686	104.227.178.209
5	96	0	32	0	26498560	26498560	0	26498560	26498560	0	18167328	189.68.252.171
5	29	29	0	0	26531415	0	0	26531243	0	0	292378	51.158.109.172
5	0	0	7	0	0	26544269	0	0	26544269	0	0	209.17.96.146
5	63	63	0	0	26522688	0	0	26472640	0	0	551190	173.252.95.21
5	43	43	0	0	26472401	0	0	26472401	0	0	349590	173.252.95.19
5	38	38	0	0	26482171	0	0	26482171	0	0	344166	69.171.251.31
5	34	0	0	0	26489943	0	0	26489943	0	0	9623428	177.59.30.92
5	30	30	0	0	26501101	0	0	26501101	0	0	287370	69.171.251.29
5	20	20	0	0	26522028	0	0	26522028	0	0	201660	69.171.251.27
5	64	0	32	0	26498256	26498255	0	26498255	26498255	0	9109984	187.18.43.125
5	42	42	0	0	26474712	0	0	26474712	0	0	341376	173.252.95.13
5	45	45	0	0	26470628	0	0	26470628	0	0	365805	69.171.251.23
5	1	0	0	0	26558317	0	0	26558317	0	0	283042	103.35.211.3
5	41	41	0	0	26476318	0	0	26476318	0	0	333330	69.171.251.20
5	60	0	30	0	26501601	26501601	0	26501601	26501601	0	8540610	177.134.203.141
5	2	0	1	0	26623269	26623269	0	26623269	26623269	0	284687	128.201.97.81
5	49	0	49	0	26447773	26447773	0	26447773	26447773	0	56742	181.215.74.63
5	45	45	0	0	26470010	0	0	26470010	0	0	365760	69.171.251.14
5	40	40	0	0	26476683	0	0	26476683	0	0	325120	173.252.111.23
5	42	42	0	0	26474531	0	0	26474531	0	0	341376	173.252.111.22
5	41	41	0	0	26476318	0	0	26476318	0	0	333330	69.171.251.11
5	42	42	0	0	26474190	0	0	26474190	0	0	341460	173.252.111.19
5	34	34	0	0	26489752	0	0	26489752	0	0	316948	173.252.111.15
5	1	1	0	0	26580475	0	0	26580475	0	0	9927	173.252.127.120
5	33	33	0	0	26550050	0	0	26502811	0	0	316597	173.252.127.118
5	1	1	0	0	26570267	0	0	26570267	0	0	9688	173.252.127.117
5	23	23	0	0	26514020	0	0	26514020	0	0	226297	173.252.127.116
5	1	1	2	0	26632908	26632908	0	26632908	26632908	0	59427	18.188.151.245
5	11	0	0	0	26538636	0	0	26538636	0	0	3113462	186.247.44.241
5	1	0	0	4	26629884	0	26632162	26629884	0	26556482	69	66.249.69.222
5	1	0	0	0	26632162	0	0	26632162	0	0	69	66.249.69.220
5	1	0	0	0	26624049	0	0	26624049	0	0	283042	190.92.51.161
5	0	0	48	0	0	26449053	0	0	26449053	0	0	195.154.63.222
5	0	0	0	1	0	0	26593530	0	0	26593530	0	66.249.69.206
5	1	0	0	0	26593530	0	0	26593530	0	0	69	66.249.69.204
5	2	0	0	0	26556482	0	0	26556482	0	0	138	66.249.69.193
5	1	1	0	0	26564288	0	0	26564288	0	0	57440	51.255.109.162
5	12	0	0	0	26537177	0	0	26537177	0	0	3396504	191.183.199.239
5	2	0	1	0	26610589	26610589	0	26610589	26610589	0	284687	179.189.190.97
5	36	36	0	0	26483789	0	0	26483789	0	0	326016	69.171.251.112
5	0	0	0	1	0	0	26632986	0	0	26632986	0	66.249.66.148
5	31	31	0	0	26499697	0	0	26499697	0	0	289075	66.220.149.30
5	44	44	0	0	26471421	0	0	26471421	0	0	357632	173.252.127.46
5	30	30	0	0	26501543	0	0	26501543	0	0	287370	173.252.87.120
5	0	0	0	6	0	0	26546634	0	0	26546634	0	66.249.66.142
5	39	39	0	0	26478141	0	0	26478141	0	0	316992	173.252.127.43
5	2	2	2	0	26556817	26556817	0	26556817	26556817	0	114880	93.119.227.91
5	6	0	0	47	26546634	0	26466880	26546634	0	26466880	414	66.249.66.140
5	32	32	0	0	26560163	0	0	26500079	0	0	306700	173.252.87.116
5	47	0	0	0	26466880	0	0	26466880	0	0	3243	66.249.66.138
5	190	190	46	0	26469301	26469301	0	26447544	26469301	0	4112874	69.4.89.106
5	30	30	0	0	26501860	0	0	26501860	0	0	287400	31.13.127.18
5	27	27	0	0	26506645	0	0	26506645	0	0	258633	66.220.149.4
5	43	43	0	0	26472835	0	0	26472835	0	0	349590	173.252.127.40
5	33	33	0	0	26491308	0	0	26491308	0	0	307692	66.220.149.3
5	1	0	0	2	26612605	0	26612605	26612605	0	26594828	69	66.249.66.136
5	41	41	0	0	26475323	0	0	26475323	0	0	333330	173.252.127.38
5	19	19	0	0	26524001	0	0	26524001	0	0	191558	173.252.87.112
5	45	45	0	0	26470179	0	0	26470179	0	0	365805	173.252.127.36
5	44	44	0	0	26470833	0	0	26470833	0	0	357632	173.252.127.32
5	37	37	0	0	26483116	0	0	26483116	0	0	335109	173.252.83.20
5	41	41	0	0	26476482	0	0	26476482	0	0	333330	173.252.127.29
5	43	43	0	0	26472835	0	0	26472835	0	0	349590	173.252.127.30
5	14	14	14	0	26531936	26531936	0	26531936	26531936	0	785946	183.136.225.46
5	1	1	0	0	26573326	0	0	26573326	0	0	9687	173.252.127.28
5	1	1	0	0	26572788	0	0	26572788	0	0	9687	66.220.149.10
5	87	87	0	0	26474960	0	0	26470320	0	0	707181	173.252.127.27
5	0	0	0	1	0	0	26603037	0	0	26603037	0	66.249.73.188
5	1	0	0	0	26603037	0	0	26603037	0	0	69	66.249.73.186
5	81	81	0	0	26480120	0	0	26473841	0	0	694644	173.252.95.9
5	44	44	0	0	26471011	0	0	26471011	0	0	357632	173.252.127.22
5	34	34	0	0	26489893	0	0	26489893	0	0	316948	173.252.95.7
5	33	33	0	0	26491174	0	0	26491174	0	0	307692	173.252.127.20
5	85	85	0	0	26476813	0	0	26470179	0	0	690925	173.252.127.19
5	38	38	0	0	26481046	0	0	26481046	0	0	344090	173.252.95.6
5	39	39	0	0	26480273	0	0	26480273	0	0	353223	173.252.127.17
5	9	0	0	0	26541446	0	0	26541446	0	0	2547378	187.66.118.33
5	23	23	0	0	26514147	0	0	26514147	0	0	226297	173.252.127.15
5	30	30	0	0	26501232	0	0	26501232	0	0	287370	173.252.95.2
5	42	42	0	0	26473986	0	0	26473986	0	0	341460	173.252.127.14
5	114	114	0	0	26500439	0	0	26474360	0	0	971739	31.13.127.8
5	41	41	0	0	26475323	0	0	26475323	0	0	333330	173.252.127.13
5	9	9	1	0	26541714	26581850	0	26541714	26581850	0	83709	83.143.86.62
5	37	37	0	0	26482895	0	0	26482895	0	0	335072	173.252.127.12
5	18	18	0	0	26524290	0	0	26524290	0	0	181458	45.148.10.72
5	1	0	0	1	26620570	0	26620570	26620570	0	26620570	69	66.249.73.172
5	64	64	0	0	26521593	0	0	26471241	0	0	559252	173.252.127.10
5	22	0	0	4	26636568	0	26600566	26564288	0	26600566	440	52.20.108.219
5	68	0	34	0	26489978	26489978	0	26489978	26489978	0	9679358	201.77.166.239
5	56	56	0	0	26510757	0	0	26499673	0	0	2929991	209.17.96.34
5	3	3	2	0	26575684	26556814	0	26556814	26556814	0	172320	69.4.87.74
5	0	0	5	0	0	26549628	0	0	26549628	0	0	209.17.96.26
5	2	0	1	0	26574814	26574814	0	26574813	26574814	0	284687	177.72.5.66
5	22	22	0	0	26519495	0	0	26519495	0	0	1197724	209.17.97.122
5	96	96	48	0	26448340	26448340	0	26448340	26448340	0	4245984	93.119.227.34
5	10	0	0	0	26540321	0	0	26540321	0	0	2830420	191.183.199.94
5	0	0	15	0	0	26530869	0	0	26530869	0	0	45.148.10.43
5	40	40	0	0	26476683	0	0	26476683	0	0	325120	173.252.107.8
5	188	188	94	0	26469301	26469301	0	26448564	26448564	0	8315052	93.119.227.19
5	1	1	0	0	26582873	0	0	26582873	0	0	9926	173.252.107.7
5	81	81	0	0	26477972	0	0	26475566	0	0	658450	173.252.107.3
5	43	43	0	0	26472640	0	0	26472640	0	0	349590	173.252.107.2
5	44	44	0	0	26471550	0	0	26471550	0	0	357632	173.252.107.1
5	0	0	0	1	0	0	26614559	0	0	26614559	0	66.249.79.188
5	3	3	2	0	26630433	26626213	0	26619435	26619435	0	29780	131.220.6.156
5	1	0	0	0	26614559	0	0	26614559	0	0	69	66.249.79.186
5	1	1	0	0	26558411	0	0	26558411	0	0	57440	62.210.10.77
5	94	94	0	0	26514427	0	0	26473684	0	0	844099	173.252.87.6
5	40	40	0	0	26477845	0	0	26477845	0	0	325120	69.171.251.7
5	28	0	0	29	26504271	0	26623064	26504271	0	26504271	1932	66.249.70.94
5	7	7	0	0	26544296	0	0	26544296	0	0	65107	173.252.87.4
5	38	38	0	0	26481467	0	0	26481467	0	0	344166	69.171.251.6
5	39	39	0	0	26479913	0	0	26479913	0	0	353184	173.252.87.3
5	1	0	0	0	26634024	0	0	26634024	0	0	283042	186.251.42.87
5	38	38	0	0	26481467	0	0	26481467	0	0	344166	69.171.251.4
5	77	77	0	0	26481474	0	0	26479365	0	0	661082	173.252.87.1
5	17	17	1	0	26636568	26624526	0	26529636	26624526	0	899012	209.17.97.26
5	18	18	0	0	26524924	0	0	26524924	0	0	181476	69.171.251.3
5	48	48	0	0	26449038	0	0	26449038	0	0	2122992	163.172.70.242
5	52	0	26	0	26508272	26508272	0	26508272	26508272	0	7401862	170.79.5.65
5	81	81	0	0	26476992	0	0	26474980	0	0	658450	173.252.107.20
5	43	43	0	0	26472257	0	0	26472257	0	0	349590	173.252.107.19
5	36	36	0	0	26484245	0	0	26484245	0	0	326016	173.252.107.16
5	3	0	0	6	26622425	0	26616829	26583245	0	26597921	207	66.249.70.80
5	4	0	0	4	26618997	0	26622425	26604630	0	26573101	276	66.249.70.78
5	44	44	0	0	26471205	0	0	26471205	0	0	357632	173.252.107.14
5	2659	0	36	0	26584598	26541714	0	26448340	26541714	0	40935175	52.2.72.168
5	3	0	0	4	26597921	0	26618997	26573101	0	26596287	207	66.249.70.76
5	39	39	0	0	26480120	0	0	26480120	0	0	353184	173.252.107.11
5	0	0	0	3	0	0	26574609	0	0	26574609	0	187.104.102.114
5	17	0	0	0	26528382	0	0	26528382	0	0	1173	66.249.68.30
5	1	0	0	0	26591700	0	0	26591700	0	0	283042	138.94.39.132
5	1	1	0	0	26630115	0	0	26630115	0	0	59427	209.17.96.250
5	0	0	0	33	0	0	26491484	0	0	26491484	0	66.249.70.68
5	68	0	0	35	26491484	0	26488203	26488203	0	26488203	4692	66.249.70.65
5	2	0	1	0	26614665	26614665	0	26614665	26614665	0	284687	179.220.92.170
5	32	0	0	0	26498405	0	0	26498405	0	0	9057344	177.66.38.54
5	39	0	0	0	26478660	0	0	26478660	0	0	2691	66.249.65.190
5	0	0	8	0	0	26584655	0	0	26545512	0	0	51.91.129.4
5	1	0	0	0	26593357	0	0	26593357	0	0	283042	179.178.33.15
5	0	0	1	0	0	26558356	0	0	26558356	0	0	195.154.62.232
5	34	34	0	0	26489058	0	0	26489058	0	0	1656310	209.17.97.2
5	1	0	0	0	26568986	0	0	26568986	0	0	283042	181.165.222.8
5	0	0	0	17	0	0	26528382	0	0	26528382	0	66.249.68.2
5	37	0	0	0	26482696	0	0	26482696	0	0	10472554	177.66.58.174
5	102	0	34	0	26489725	26489725	0	26489725	26489725	0	9993212	179.178.145.250
5	0	0	0	39	0	0	26478660	0	0	26478660	0	66.249.65.164
5	13	13	0	0	26534637	0	0	26534637	0	0	131040	45.148.10.181
5	0	0	1	0	0	26632345	0	0	26632345	0	0	209.17.96.194
5	3	0	0	0	26551522	0	0	26551522	0	0	849126	191.185.134.16
5	1	1	0	0	26573141	0	0	26573141	0	0	9687	173.252.83.9
5	60	60	0	0	26520056	0	0	26480120	0	0	559803	173.252.83.8
5	37	37	0	0	26483623	0	0	26483623	0	0	335109	173.252.83.7
5	39	39	0	0	26479530	0	0	26479530	0	0	329667	173.252.127.8
5	45	45	0	0	26469748	0	0	26469748	0	0	373770	173.252.127.7
5	8	8	0	0	26543925	0	0	26543925	0	0	74408	173.252.83.5
5	34	34	0	0	26489610	0	0	26489610	0	0	316948	173.252.127.4
5	1	1	0	0	26559906	0	0	26559906	0	0	9689	173.252.127.3
5	44	44	0	0	26472073	0	0	26472073	0	0	357632	173.252.87.36
5	43	43	0	0	26472961	0	0	26472961	0	0	349590	31.13.115.4
5	37	37	0	0	26482577	0	0	26482577	0	0	335072	173.252.95.113
5	43	43	0	0	26473684	0	0	26473684	0	0	349590	173.252.87.29
z	2	2860	0	26636568	68220
z	3	108	99	26636568	47744
z	4	3870	3595	26630433	31844045
z	5	575	575	26632908	26742225
z	6	403	0	26634024	112240618
z	7	18	0	26541714	37610253
c	200	7834	26636568
c	301	333	26632908
c	302	241	26623269
c	400	3	26600566
c	401	1	26600566
c	404	234	26632986
