2147483647C
59921079 704
5177 1
4441 1
4436 1
4481 1
4481 1
4476 1
4967 1
4972 1
4469 1
4967 1
4469 1
4490 1
5037 1
4485 1
4474 1
4465 1
4480 1
4461 1
5001 1
4530 1
4530 1
4525 1
4530 1
4469 1
4469 1
4485 1
5378 1
4477 1
4472 1
4485 1
4485 1
4480 1
4480 1
4452 1
4447 1
4476 1
5361 1
4476 1
5049 1
5034 1
5024 1
5034 1
5132 1
4496 1
4496 1
4501 1
4470 1
5112 1
4457 1
4472 1
4477 1
5116 1
5315 1
4474 1
4356 1
5296 1
5146 1
5088 1
6213 1
5931 1
4444 1
4444 1
-299041 -62
5218 1
4488 1
5420 1
4460 1
6540 1
5415 1
5144 1
5190 1
5096 1
5648 1
5425 1
5213 1
5396 1
4489 1
4489 1
4494 1
4489 1
4489 1
4489 1
4494 1
4494 1
4494 1
4494 1
4494 1
4494 1
4494 1
4494 1
4494 1
4494 1
4489 1
4494 1
4494 1
4489 1
4494 1
5473 1
4533 1
4533 1
4985 1
4990 1
5942 1
-197586 -40
5544 1
